slice_1d_array
original array:
[0, 1, 2, 3, 4, 5, 6, 7, 8, 9, 10, 11]

slice 3..8:
[3, 4, 5, 6, 7]

slice ..8:
[0, 1, 2, 3, 4, 5, 6, 7]

slice 3..:
[3, 4, 5, 6, 7, 8, 9, 10, 11]

slice ..:
[0, 1, 2, 3, 4, 5, 6, 7, 8, 9, 10, 11]

slice_1d_array_negative_indexes
original array:
[0, 1, 2, 3, 4, 5, 6, 7, 8, 9, 10, 11]

slice -10..-1:
[2, 3, 4, 5, 6, 7, 8, 9, 10]

slice2 ..-1:
[0, 1, 2, 3, 4, 5, 6, 7, 8, 9, 10]

slice ..-8:
[0, 1, 2, 3]

slice -3..:
[9, 10, 11]

slice_1d_array_explicit_step
original array:
[0, 1, 2, 3, 4, 5, 6, 7, 8, 9, 10, 11]

slice 3..8;2:
[3, 5, 7]

slice ..8;2:
[0, 2, 4, 6]

slice 3..;2:
[3, 5, 7, 9, 11]

slice ..;2:
[0, 2, 4, 6, 8, 10]

slice_1d_array_negative_step
original array:
[0, 1, 2, 3, 4, 5, 6, 7, 8, 9, 10, 11]

slice 3..8;-2:
[7, 5, 3]

slice ..8;-2:
[7, 5, 3, 1]

slice 3..;-2:
[11, 9, 7, 5, 3]

slice ..;-2:
[11, 9, 7, 5, 3, 1]

slice_2d_array
original array:
[[10, 11, 12, 13, 14],
 [15, 16, 17, 18, 19],
 [20, 21, 22, 23, 24],
 [25, 26, 27, 28, 29]]

slice: .., 1..3
[[11, 12],
 [16, 17],
 [21, 22],
 [26, 27]]

slice: 1..2, 3..4
[[18]]

slice: 1.., 1..
[[16, 17, 18, 19],
 [21, 22, 23, 24],
 [26, 27, 28, 29]]

slice: .., ..
[[10, 11, 12, 13, 14],
 [15, 16, 17, 18, 19],
 [20, 21, 22, 23, 24],
 [25, 26, 27, 28, 29]]

slice: ..-1, ..-1
[[10, 11, 12, 13],
 [15, 16, 17, 18],
 [20, 21, 22, 23]]

slice_2d_array
original array:
[[10, 11, 12, 13, 14],
 [15, 16, 17, 18, 19],
 [20, 21, 22, 23, 24],
 [25, 26, 27, 28, 29]]

slice: ..;2, 1..3
[[11, 12],
 [21, 22]]

slice: 1..2;-1, 3..4;-1
[[18]]

slice: 1..;2, 1..;2
[[16, 18],
 [26, 28]]

slice: .., ..;-1
[[14, 13, 12, 11, 10],
 [19, 18, 17, 16, 15],
 [24, 23, 22, 21, 20],
 [29, 28, 27, 26, 25]]

slice: ..;-1, ..;-1
[[29, 28, 27, 26, 25],
 [24, 23, 22, 21, 20],
 [19, 18, 17, 16, 15],
 [14, 13, 12, 11, 10]]

slice: ..;-1, ..
[[25, 26, 27, 28, 29],
 [20, 21, 22, 23, 24],
 [15, 16, 17, 18, 19],
 [10, 11, 12, 13, 14]]

